  2.6897350e+009
  2.5658342e+002
  2.0647860e-001
  4.3782594e+001
  5.5330014e-002
  3.2338558e-001
  5.8204280e-002
  7.3695097e-002
  1.5461018e-001
  3.0252550e-001
  1.1410669e-001
  2.0994363e-001
  1.3157183e-001
  2.0700317e-003
  1.8675975e-002
  4.5884439e-002
  9.4350130e-001
  1.2389130e-001
  3.9540199e-002
  1.2516645e-001
  4.4765584e-003
  1.5968685e-001
  1.8671126e-003
  8.9495283e-001
  1.6767913e-001
  2.6374535e-003
  8.9239697e-005
  2.6249563e-003
  6.3177122e+000
  6.1786283e+000
  1.0000000e+000
  1.0000000e+000
